1.639999999999999858e+01 8.300000000000000711e+00
4.189999999999999858e+01 8.299999999999999600e-01
4.679999999999999716e+01 5.799999999999999600e-01
5.088000000000000256e+01 1.000000000000000021e-02
7.940000000000000568e+01 1.739999999999999991e+00
8.870000000000000284e+01 2.149999999999999911e+00
1.027999999999999972e+02 2.319999999999999840e+00
1.120999999999999943e+02 2.069999999999999840e+00
1.125900000000000034e+02 1.079999999999999988e-01
1.135000000000000000e+02 5.700000000000000205e-03
1.426599999999999966e+02 9.299999999999999239e-03
1.446999999999999886e+02 8.278000000000000114e+01
1.915000000000000000e+02 9.349999999999999645e+00
2.310600000000000023e+02 2.699999999999999969e-02
2.895099999999999909e+02 1.990000000000000102e-01
3.061200000000000045e+02 2.390000000000000110e-02
3.178700000000000045e+02 2.089999999999999844e-02
3.366829999999999927e+02 1.219999999999999973e-01
3.743399999999999750e+02 1.779999999999999985e-02
3.816700000000000159e+02 3.039999999999999925e-01
4.020199999999999818e+02 1.899999999999999953e-02
4.286449999999999818e+02 2.159999999999999976e-01
4.498380000000000223e+02 1.110000000000000014e-01
4.794499999999999886e+02 1.000000000000000056e-01
4.960699999999999932e+02 5.650000000000000161e-02
5.208500000000000227e+02 5.800000000000000294e-02
5.874510000000000218e+02 1.380000000000000115e-01
6.009120000000000346e+02 5.822000000000000064e+00
6.299669999999999845e+02 2.612999999999999901e+01
6.334660000000000082e+02 1.580000000000000016e-01
6.424660000000000082e+02 1.058999999999999941e-01
7.356939999999999600e+02 3.699999999999999956e-01
7.382720000000000482e+02 4.730000000000000177e-02
7.726399999999999864e+02 2.860000000000000042e-02
7.865249999999999773e+02 3.339999999999999858e+00
8.103300000000000409e+02 2.087000000000000188e+00
8.341299999999999955e+02 9.545000000000000284e+01
8.611789999999999736e+02 9.389999999999999458e-01
8.785199999999999818e+02 6.400000000000000133e-02
8.943269999999999982e+02 1.013599999999999923e+01
9.247899999999999636e+02 1.290000000000000036e-01
9.383999999999999773e+02 7.299999999999999545e-02
9.396399999999999864e+02 2.819999999999999729e-01
9.707599999999999909e+02 1.102999999999999980e+00
9.755389999999999873e+02 4.510000000000000120e-02
9.999890000000000327e+02 8.030000000000000471e-01
1.037349999999999909e+03 1.839999999999999969e-02
1.050794000000000096e+03 6.990999999999999659e+00
1.155700000000000045e+03 1.050000000000000065e-02
1.163119999999999891e+03 9.400000000000000022e-02
1.192240000000000009e+03 4.799999999999999580e-03
1.215138999999999896e+03 8.110000000000000542e-01
1.230931000000000040e+03 1.425000000000000044e+00
1.260123000000000047e+03 1.169000000000000039e+00
1.276797000000000025e+03 1.586999999999999966e+00
1.390306000000000040e+03 8.210000000000000631e-02
1.464054000000000087e+03 3.608999999999999986e+00
1.500480000000000018e+03 1.930000000000000118e-02
1.568069999999999936e+03 1.640000000000000069e-01
1.571599999999999909e+03 8.289999999999999591e-01
1.596732999999999947e+03 4.389999999999999680e+00
1.613320999999999913e+03 3.699999999999999817e-02
1.629900000000000091e+03 2.699999999999999969e-02
1.680741999999999962e+03 9.120000000000000329e-01
1.710410000000000082e+03 3.920000000000000151e-01
1.711150000000000091e+03 4.599999999999999922e-02
1.837150000000000091e+03 2.500000000000000000e-01
1.861996000000000095e+03 5.410000000000000142e+00
1.877692000000000007e+03 2.280000000000000082e-01
1.920200000000000045e+03 1.600000000000000033e-01
1.991160000000000082e+03 1.010000000000000064e-01
2.028940000000000055e+03 1.150000000000000050e-01
2.109360999999999876e+03 1.084999999999999964e+00
2.201585999999999785e+03 2.687000000000000099e+01
2.214023999999999887e+03 2.179999999999999993e-01
2.402570000000000164e+03 4.429999999999999910e-02
2.404300000000000182e+03 1.499999999999999944e-02
2.491025999999999840e+03 7.730000000000000426e+00
2.507717999999999847e+03 1.333000000000000007e+01
2.515856999999999971e+03 2.580000000000000071e-01
2.582389999999999873e+03 1.269999999999999948e-02
2.605440000000000055e+03 1.529999999999999936e-02
2.621278999999999996e+03 1.409999999999999865e-01
2.633570000000000164e+03 1.669999999999999957e-02
2.785829999999999927e+03 2.999999999999999889e-02
2.844159999999999854e+03 4.460000000000000075e-01
2.940179999999999836e+03 1.359999999999999924e-02
2.942400000000000091e+03 2.599999999999999881e-02
2.950000000000000000e+03 4.700000000000000185e-03
2.981489999999999782e+03 5.999999999999999778e-02
3.034599999999999909e+03 4.599999999999999922e-03
3.094309999999999945e+03 1.619999999999999912e-02
3.325300000000000182e+03 6.599999999999999964e-03
3.338539999999999964e+03 4.300000000000000003e-03
3.678500000000000000e+03 8.599999999999999789e-04
