3.990478023850085521e+01 5.870000000000000284e+01
4.558848545861297197e+01 1.341000000000000014e+01
1.189699999999999989e+02 5.299999999999999807e-04
1.217817000000000007e+02 2.853000000000000114e+01
1.256800000000000068e+02 5.130000000000000011e-03
1.375600000000000023e+02 7.399999999999999894e-04
1.480000000000000000e+02 2.050000000000000086e-02
1.501299999999999955e+02 8.999999999999999754e-04
1.720999999999999943e+02 4.299999999999999894e-04
1.748000000000000114e+02 1.379999999999999933e-03
1.925999999999999943e+02 6.810000000000000081e-03
1.952199999999999989e+02 2.050000000000000173e-03
2.078143934760448701e+02 9.809999999999999276e-03
2.104297530864197654e+02 8.099999999999999561e-03
2.124300000000000068e+02 2.069999999999999965e-02
2.370999999999999943e+02 6.329999999999999689e-03
2.394294670846394979e+02 3.190000000000000127e-03
2.446973999999999876e+02 7.549999999999999822e+00
2.516330000000000098e+02 6.700000000000000400e-02
2.709696572429321577e+02 7.993999999999999717e-02
2.754200000000000159e+02 3.459999999999999881e-02
2.861161532056619308e+02 1.200999999999999984e-02
2.959386999999999830e+02 4.400000000000000022e-01
3.153080600000000118e+02 4.999999999999999584e-02
3.201000000000000227e+02 2.050000000000000173e-03
3.248357134254823677e+02 7.306999999999999607e-02
3.294744923168730111e+02 1.340600000000000125e-01
3.404599999999999795e+02 2.659999999999999865e-02
3.442789647666523933e+02 2.659979999999999833e+01
3.487520000000000095e+02 1.699999999999999905e-03
3.516600000000000250e+02 1.060000000000000005e-02
3.541600000000000250e+02 9.600000000000000243e-04
3.575197419354839212e+02 7.749999999999999944e-03
3.677891000000000190e+02 8.589999999999999858e-01
3.781499999999999773e+02 2.400000000000000061e-04
3.856100000000000136e+02 5.559999999999999838e-03
3.878999999999999773e+02 2.899999999999999800e-03
3.911899999999999977e+02 1.410000000000000012e-03
3.977500000000000000e+02 3.699999999999999947e-04
4.012900000000000205e+02 6.400000000000000524e-04
4.111164999999999736e+02 2.237000000000000099e+00
4.160199999999999818e+02 1.087999999999999939e-01
4.234499999999999886e+02 2.980000000000000010e-03
4.408600000000000136e+02 6.199999999999999782e-03
4.439653107840000530e+02 3.125000000000000000e+00
4.642799999999999727e+02 4.499999999999999877e-04
4.764200000000000159e+02 1.699999999999999905e-03
4.823360576923076906e+02 2.704000000000000153e-02
4.886791999999999803e+02 4.139999999999999791e-01
4.935986533665836191e+02 4.009999999999999676e-02
4.964794520547945353e+02 1.167999999999999941e-02
5.034669999999999845e+02 1.524000000000000077e-01
5.147799999999999727e+02 4.299999999999999894e-04
5.202400000000000091e+02 5.340000000000000302e-02
5.231299999999999955e+02 1.529999999999999936e-02
5.268816377171216345e+02 1.209000000000000005e-02
5.342981792651532942e+02 4.273000000000000409e-02
5.382899999999999636e+02 4.300000000000000003e-03
5.566658252427184834e+02 2.060000000000000026e-02
5.639386455001841796e+02 5.159099999999999797e-01
5.664379999999999882e+02 1.310000000000000053e-01
5.718300000000000409e+02 4.440000000000000370e-03
5.862648000000000366e+02 4.550000000000000155e-01
5.890321621621621944e+02 3.699999999999999730e-03
6.090179865771812047e+02 1.490000000000000005e-03
6.160499999999999545e+02 9.199999999999999845e-03
6.443899999999999864e+02 6.599999999999999964e-03
6.564890000000000327e+02 1.441000000000000059e-01
6.647699999999999818e+02 9.900000000000000813e-03
6.711549999999999727e+02 2.400000000000000050e-02
6.746802942722017633e+02 1.903000000000000247e-01
6.786230000000000473e+02 4.729999999999999760e-01
6.832500000000000000e+02 4.700000000000000185e-03
6.866000000000000227e+02 2.029999999999999860e-02
6.886699999999999591e+02 8.559999999999999831e-01
7.032309090909091083e+02 6.599999999999999964e-03
7.071599999999999682e+02 1.420000000000000038e-03
7.128300000000000409e+02 9.550000000000000155e-02
7.193498550724638108e+02 3.449999999999999734e-01
7.280399999999999636e+02 1.110000000000000049e-02
7.352113559322033325e+02 5.309999999999999616e-03
7.561599999999999682e+02 4.400000000000000265e-03
7.648854562707575724e+02 1.896899999999999975e-01
7.689600000000000364e+02 8.200000000000000344e-02
7.789044999999999845e+02 1.292999999999999972e+01
7.947799999999999727e+02 2.630000000000000046e-02
8.020000000000000000e+02 4.099999999999999912e-04
8.057100000000000364e+02 1.519999999999999997e-02
8.104510000000000218e+02 3.170000000000000040e-01
8.132100000000000364e+02 4.300000000000000003e-03
8.393600000000000136e+02 1.770000000000000046e-02
8.415739999999999554e+02 1.680000000000000104e-01
8.501000000000000227e+02 7.699999999999999597e-04
8.552100000000000364e+02 1.969999999999999963e-03
8.673799999999999955e+02 4.230000000000000426e+00
9.011900000000000546e+02 8.540000000000000369e-02
9.060599999999999454e+02 9.199999999999999845e-03
9.193431562867215234e+02 4.254999999999999893e-01
9.263099999999999454e+02 2.720000000000000195e-01
9.305900000000000318e+02 7.290000000000000646e-02
9.370499999999999545e+02 2.700000000000000143e-03
9.471499999999999773e+02 1.090000000000000040e-03
9.586299999999999955e+02 1.969999999999999876e-02
9.610800000000000409e+02 8.000000000000000167e-03
9.640504061433447305e+02 1.465000000000000036e+01
9.688565789473684617e+02 9.119999999999999635e-03
9.740900000000000318e+02 1.359999999999999924e-02
9.901799999999999500e+02 3.139999999999999736e-02
1.005269999999999982e+03 6.590000000000000302e-01
1.050099999999999909e+03 6.999999999999999929e-04
1.085835473983755946e+03 1.012059999999999960e+01
1.089737000000000080e+03 1.733999999999999986e+00
1.109180000000000064e+03 1.890000000000000013e-01
1.112076000000000022e+03 1.366999999999999993e+01
1.170970000000000027e+03 3.719999999999999696e-02
1.206089999999999918e+03 1.299999999999999940e-02
1.212948000000000093e+03 1.415000000000000036e+00
1.246339999999999918e+03 9.300000000000000541e-04
1.249940000000000055e+03 1.869999999999999996e-01
1.261349999999999909e+03 3.350000000000000200e-02
1.292779999999999973e+03 1.010000000000000064e-01
1.299142000000000053e+03 1.633000000000000007e+00
1.315243898916967510e+03 5.539999999999999786e-03
1.318380000000000109e+03 1.569999999999999998e-03
1.348099999999999909e+03 1.729999999999999941e-02
1.363779999999999973e+03 2.580000000000000002e-02
1.390500000000000000e+03 4.250000000000000305e-03
1.408012999999999920e+03 2.087000000000000099e+01
1.455099999999999909e+03 2.500000000000000052e-03
1.457643000000000029e+03 4.969999999999999973e-01
1.491400000000000091e+03 5.999999999999999474e-04
1.528099999999999909e+03 2.790000000000000258e-01
1.605619999999999891e+03 7.900000000000000772e-03
1.608359999999999900e+03 5.400000000000000286e-03
1.635380000000000109e+03 1.600000000000000131e-04
1.647440000000000055e+03 7.300000000000000065e-03
1.769089999999999918e+03 9.310000000000000567e-03
