runName    ../RAW2/run_
timegate   500
cs-tac     0
pair-tac   0
reftype    8
flagtype   0
ref_unit   1 ms
run_unit   1 s
Format     root
Fold       1

|Index		|Type		|Mod		|Chan	|Delay		|Link		|Start		|Stop		|Comment
1		1		4		0   	0		0		0		0		Clov #1-1
2		1		4		1   	0		0		0		0		Clov #1-2
3		1		4		2   	0		0		0		0		Clov #1-3
4		1		4		3   	0		0		0		0		Clov #1-4
5		1		4		4   	0		0		0		0		Clov #2-1
6		1		4		5   	0		0		0		0		Clov #2-2
7		1		4		6   	0		0		0		0		Clov #2-3
8		1		4		7   	0		0		0		0		Clov #2-4
9		1		4		8   	0		0		0		0		Clov #3-1
10		1		4		9   	0		0		0		0		Clov #3-1
11		1		4		10   	0		0		0		0		Clov #3-3
12		1		4		11   	0		0		0		0		Clov #3-4
13		1		4		12   	0		0		0		0		Clov #4-1
14		1		4		13   	0		0		0		0		Clov #4-2
15		1		4		14   	0		0		0		0		Clov #4-3
16		1		4		15   	0		0		0		0		Clov #4-4
1		2		0		0   	0		0		0		0		Beta #1-1
2		2		0		1   	0		0		0		0		Beta #1-2
3		2		0		2   	0		0		0		0		Beta #2-1
4		2		0		3   	0		0		0		0		Beta #2-2
5		2		0		4   	0		0		0		0		Beta #3-1
6		2		0		5   	0		0		0		0		Beta #3-2
7		2		0		6   	0		0		0		0		Beta #4-1
8		2		0		7   	0		0		0		0		Beta #4-2
9		2		0		8   	0		0		0		0		Beta #1-1
10		2		0		9   	0		0		0		0		Beta #1-2
11		2		0		10   	0		0		0		0		Beta #2-1
12		2		0		11  	0		0		0		0		Beta #2-2
13		2		0		12  	0		0		0		0		Beta #3-1
14		2		0		13   	0		0		0		0		Beta #3-2
15		2		0		14   	0		0		0		0		Beta #4-1
16		2		0		15   	0		0		0		0		Beta #4-2
1		3		1		0   	0		0		0		0		INDiE #2R
2		3		1		1   	0		0		0		0		INDiE #2L
3		3		1		2   	0		0		0		0		INDiE #3R
4		3		1		3   	0		0		0		0		INDiE #3L
5		3		1		4   	0		0		0		0		INDiE #4R
6		3		1		5   	0		0		0		0		INDiE #4L
7		3		1		6   	0		0		0		0		INDiE #23R
8		3		1		7   	0		0		0		0		INDiE #23L
9		3		1		8   	0		0		0		0		INDiE #6R
10		3		1		9   	0		0		0		0		INDiE #6L
11		3		1		10   	0		0		0		0		INDiE #7R
12		3		1		11   	0		0		0		0		INDiE #7L
13		3		1		12   	0		0		0		0		INDiE #8R
14		3		1		13   	0		0		0		0		INDiE #8L
15		3		3		14   	0		0		0		0		INDiE #9R
16		3		3		15   	0		0		0		0		INDiE #9L
17		3		2		0   	0		0		0		0		INDiE #10R
18		3		2		1   	0		0		0		0		INDiE #10L
19		3		2		2   	0		0		0		0		INDiE #25R
20		3		2		3   	0		0		0		0		INDiE #25L
21		3		2		4   	0		0		0		0		INDiE #12R
22		3		2		5   	0		0		0		0		INDiE #12L
23		3		2		6   	0		0		0		0		INDiE #13R
24		3		2		7   	0		0		0		0		INDiE #13L
25		3		2		8   	0		0		0		0		INDiE #14R
26		3		2		9   	0		0		0		0		INDiE #14L
27		3		2		10   	0		0		0		0		INDiE #15R
28		3		2		11   	0		0		0		0		INDiE #15L
29		3		2		12  	0		0		0		0		INDiE #24R
30		3		2		13  	0		0		0		0		INDiE #24L
31		3		2		14  	0		0		0		0		INDiE #17R
32		3		2		15  	0		0		0		0		INDiE #17L
33		3		3		0   	0		0		0		0		INDiE #18R
34		3		3		1   	0		0		0		0		INDiE #18L
35		3		3		2   	0		0		0		0		INDiE #19R
36		3		3		3   	0		0		0		0		INDiE #19L
37		3		3		4   	0		0		0		0		INDiE #20R
38		3		3		5   	0		0		0		0		INDiE #20L
39		3		3		6   	0		0		0		0		INDiE #21R
40		3		3		7   	0		0		0		0		INDiE #21L
41		3		3		8   	0		0		0		0		INDiE #22R
42		3		3		9   	0		0		0		0		INDiE #22L
1  		4		5		0	0		0		0		0		Si1 #
2  		4		5		1	0		0		0		0		Si1 #
3  		4		5		2	0		0		0		0		Si1 #
4  		4		5		3	0		0		0		0		Si1 #
5  		4		5		4	0		0		0		0		Si1 #
6  		4		5		5	0		0		0		0		Si1 #
7  		4		5		6	0		0		0		0		Si1 #
8  		4		5		7	0		0		0		0		Si1 #
9  		4		5		8	0		0		0		0		Si1 #
10 		4		5		9	0		0		0		0		Si1 #
11 		4		5		10	0		0		0		0		Si1 #
12 		4		5		11	0		0		0		0		Si1 #
13 		4		5		12	0		0		0		0		Si1 #
14 		4		5		13	0		0		0		0		Si1 #
15 		4		5		14	0		0		0		0		Si1 #
16 		4		5		15	0		0		0		0		Si1 #
17 		4		6		0	0		0		0		0		Si1 #
18 		4		6		1	0		0		0		0		Si1 #
19 		4		6		2	0		0		0		0		Si1 #
20 		4		6		3	0		0		0		0		Si1 #
21 		4		6		4	0		0		0		0		Si1 #
22 		4		6		5	0		0		0		0		Si1 #
23 		4		6		6	0		0		0		0		Si1 #
24 		4		6		7	0		0		0		0		Si1 #
25 		4		6		8	0		0		0		0		Si1 #
26 		4		6		9	0		0		0		0		Si1 #
27 		4		6		10	0		0		0		0		Si1 #
28 		4		6		11	0		0		0		0		Si1 #
29 		4		6		12	0		0		0		0		Si1 #
30 		4		6		13	0		0		0		0		Si1 #
31 		4		6		14	0		0		0		0		Si1 #
32 		4		6		15	0		0		0		0		Si1 #
1  		5		7		0	0		0		0		0		Si2 #
2  		5		7		1	0		0		0		0		Si2 #
3  		5		7		2	0		0		0		0		Si2 #
4  		5		7		3	0		0		0		0		Si2 #
5  		5		7		4	0		0		0		0		Si2 #
6  		5		7		5	0		0		0		0		Si2 #
7  		5		7		6	0		0		0		0		Si2 #
8  		5		7		7	0		0		0		0		Si2 #
9  		5		7		8	0		0		0		0		Si2 #
10 		5		7		9	0		0		0		0		Si2 #
11 		5		7		10	0		0		0		0		Si2 #
12 		5		7		11	0		0		0		0		Si2 #
13 		5		7		12	0		0		0		0		Si2 #
14 		5		7		13	0		0		0		0		Si2 #
15 		5		7		14	0		0		0		0		Si2 #
16 		5		7		15	0		0		0		0		Si2 #
17 		5		8		0	0		0		0		0		Si2 #
18 		5		8		1	0		0		0		0		Si2 #
19 		5		8		2	0		0		0		0		Si2 #
20 		5		8		3	0		0		0		0		Si2 #
21 		5		8		4	0		0		0		0		Si2 #
22 		5		8		5	0		0		0		0		Si2 #
23 		5		8		6	0		0		0		0		Si2 #
24 		5		8		7	0		0		0		0		Si2 #
25 		5		8		8	0		0		0		0		Si2 #
26 		5		8		9	0		0		0		0		Si2 #
27 		5		8		10	0		0		0		0		Si2 #
28 		5		8		11	0		0		0		0		Si2 #
29 		5		8		12	0		0		0		0		Si2 #
30 		5		8		13	0		0		0		0		Si2 #
31 		5		8		14	0		0		0		0		Si2 #
32 		5		8		15	0		0		0		0		Si2 #
1  		6		9		0	0		0		0		0		Si3 #
2  		6		9		1	0		0		0		0		Si3 #
3  		6		9		2	0		0		0		0		Si3 #
4  		6		9		3	0		0		0		0		Si3 #
5  		6		9		4	0		0		0		0		Si3 #
6  		6		9		5	0		0		0		0		Si3 #
7  		6		9		6	0		0		0		0		Si3 #
8  		6		9		7	0		0		0		0		Si3 #
9  		6		9		8	0		0		0		0		Si3 #
10 		6		9		9	0		0		0		0		Si3 #
11 		6		9		10	0		0		0		0		Si3 #
12 		6		9		11	0		0		0		0		Si3 #
13 		6		9		12	0		0		0		0		Si3 #
14 		6		9		13	0		0		0		0		Si3 #
15 		6		9		14	0		0		0		0		Si3 #
16 		6		9		15	0		0		0		0		Si3 #
17 		6		10		0	0		0		0		0		Si3 #
18 		6		10		1	0		0		0		0		Si3 #
19 		6		10		2	0		0		0		0		Si3 #
20 		6		10		3	0		0		0		0		Si3 #
21 		6		10		4	0		0		0		0		Si3 #
22 		6		10		5	0		0		0		0		Si3 #
23 		6		10		6	0		0		0		0		Si3 #
24 		6		10		7	0		0		0		0		Si3 #
25 		6		10		8	0		0		0		0		Si3 #
26 		6		10		9	0		0		0		0		Si3 #
27 		6		10		10	0		0		0		0		Si3 #
28 		6		10		11	0		0		0		0		Si3 #
29 		6		10		12	0		0		0		0		Si3 #
30 		6		10		13	0		0		0		0		Si3 #
31 		6		10		14	0		0		0		0		Si3 #
32 		6		10		15	0		0		0		0		Si3 #
1 		7		11		0	0		0		0		0		Si4 #
2 		7		11		1	0		0		0		0		Si4 #
3 		7		11		2	0		0		0		0		Si4 #
4 		7		11		3	0		0		0		0		Si4 #
5 		7		11		4	0		0		0		0		Si4 #
6 		7		11		5	0		0		0		0		Si4 #
7 		7		11		6	0		0		0		0		Si4 #
8 		7		11		7	0		0		0		0		Si4 #
9 		7		11		8	0		0		0		0		Si4 #
10		7		11		9	0		0		0		0		Si4 #
11		7		11		10	0		0		0		0		Si4 #
12		7		11		11	0		0		0		0		Si4 #
13		7		11		12	0		0		0		0		Si4 #
14		7		11		13	0		0		0		0		Si4 #
15		7		11		14	0		0		0		0		Si4 #
16		7		11		15	0		0		0		0		Si4 #
17		7		12		0	0		0		0		0		Si4 #
18		7		12		1	0		0		0		0		Si4 #
19		7		12		2	0		0		0		0		Si4 #
20		7		12		3	0		0		0		0		Si4 #
21		7		12		4	0		0		0		0		Si4 #
22		7		12		5	0		0		0		0		Si4 #
23		7		12		6	0		0		0		0		Si4 #
24		7		12		7	0		0		0		0		Si4 #
25		7		12		8	0		0		0		0		Si4 #
26		7		12		9	0		0		0		0		Si4 #
27		7		12		10	0		0		0		0		Si4 #
28		7		12		11	0		0		0		0		Si4 #
29		7		12		12	0		0		0		0		Si4 #
30		7		12		13	0		0		0		0		Si4 #
31		7		12		14	0		0		0		0		Si4 #
32		7		12		15	0		0		0		0		Si4 #
1		8		3		10   	0		0		0		0		Proton


---

1		3		3		3   	145		0		0		0		LaBr #1 
2		3		3		5   	145		0		0		0		LaBr #2
1		4		1		8   	-1		0		0		0		TAC  #BetaPMT-La  
2		4		1		9   	-170		0		0		0		TAC  #BetaL-La
3		4		1		10   	0		0		0		0		TAC  #BetaR-La
4		4		1		11   	-9		0		0		0		TAC  #La1-La2
1		5		3		0   	0		0		0		0		Proton


-------
Correlations
1	1	1	2
1	1	1	3
1	1	1	4
1	1	1	5
1	1	1	6
1	1	1	7
1	1	1	8

--- Comments below ---

!!! Detector Index and Type numbering starts from 1 !!!
!!! Module and Channel numbering starts from 0      !!!
!!! Readme: https://github.com/rlica/xia4ids		!!!



