runName    ../RAW/run_
timegate   500
cs-tac     0
pair-tac   0
reftype    5
flagtype   0
ref_unit   1 ms
run_unit   1 s
Format     root
Fold       1

|Index		|Type		|Mod		|Chan	|Delay		|Link		|Start		|Stop		|Comment
1		1		4		0   	0		0		0		0		Clov #1-1
2		1		4		1   	0		0		0		0		Clov #1-2
3		1		4		2   	0		0		0		0		Clov #1-3
4		1		4		3   	0		0		0		0		Clov #1-4
5		1		4		4   	0		0		0		0		Clov #2-1
6		1		4		5   	0		0		0		0		Clov #2-2
7		1		4		6   	0		0		0		0		Clov #2-3
8		1		4		7   	0		0		0		0		Clov #2-4
9		1		4		8   	0		0		0		0		Clov #3-1
10		1		4		9   	0		0		0		0		Clov #3-1
11		1		4		10   	0		0		0		0		Clov #3-3
12		1		4		11   	0		0		0		0		Clov #3-4
13		1		4		12   	0		0		0		0		Clov #4-1
14		1		4		13   	0		0		0		0		Clov #4-2
15		1		4		14   	0		0		0		0		Clov #4-3
16		1		4		15   	0		0		0		0		Clov #4-4
1		2		0		0   	0		0		0		0		Beta #1-1
2		2		0		1   	0		0		0		0		Beta #1-2
3		2		0		2   	0		0		0		0		Beta #2-1
4		2		0		3   	0		0		0		0		Beta #2-2
5		2		0		4   	0		0		0		0		Beta #3-1
6		2		0		5   	0		0		0		0		Beta #3-2
7		2		0		6   	0		0		0		0		Beta #4-1
8		2		0		7   	0		0		0		0		Beta #4-2
9		2		0		8   	0		0		0		0		Beta #1-1
10		2		0		9   	0		0		0		0		Beta #1-2
11		2		0		10   	0		0		0		0		Beta #2-1
12		2		0		11  	0		0		0		0		Beta #2-2
13		2		0		12  	0		0		0		0		Beta #3-1
14		2		0		13   	0		0		0		0		Beta #3-2
15		2		0		14   	0		0		0		0		Beta #4-1
16		2		0		15   	0		0		0		0		Beta #4-2
1		3		1		0   	0		0		0		0		INDiE #2R
2		3		1		1   	0		0		0		0		INDiE #2L
3		3		1		2   	0		0		0		0		INDiE #3R
4		3		1		3   	0		0		0		0		INDiE #3L
5		3		1		4   	0		0		0		0		INDiE #4R
6		3		1		5   	0		0		0		0		INDiE #4L
7		3		1		6   	0		0		0		0		INDiE #23R
8		3		1		7   	0		0		0		0		INDiE #23L
9		3		1		8   	0		0		0		0		INDiE #6R
10		3		1		9   	0		0		0		0		INDiE #6L
11		3		1		10   	0		0		0		0		INDiE #7R
12		3		1		11   	0		0		0		0		INDiE #7L
13		3		1		12   	0		0		0		0		INDiE #8R
14		3		1		13   	0		0		0		0		INDiE #8L
15		3		3		14   	0		0		0		0		INDiE #9R
16		3		3		15   	0		0		0		0		INDiE #9L
17		3		2		0   	0		0		0		0		INDiE #10R
18		3		2		1   	0		0		0		0		INDiE #10L
19		3		2		2   	0		0		0		0		INDiE #25R
20		3		2		3   	0		0		0		0		INDiE #25L
21		3		2		4   	0		0		0		0		INDiE #12R
22		3		2		5   	0		0		0		0		INDiE #12L
23		3		2		6   	0		0		0		0		INDiE #13R
24		3		2		7   	0		0		0		0		INDiE #13L
25		3		2		8   	0		0		0		0		INDiE #14R
26		3		2		9   	0		0		0		0		INDiE #14L
27		3		2		10   	0		0		0		0		INDiE #15R
28		3		2		11   	0		0		0		0		INDiE #15L
29		3		2		12  	0		0		0		0		INDiE #24R
30		3		2		13  	0		0		0		0		INDiE #24L
31		3		2		14  	0		0		0		0		INDiE #17R
32		3		2		15  	0		0		0		0		INDiE #17L
33		3		3		0   	0		0		0		0		INDiE #18R
34		3		3		1   	0		0		0		0		INDiE #18L
35		3		3		2   	0		0		0		0		INDiE #19R
36		3		3		3   	0		0		0		0		INDiE #19L
37		3		3		4   	0		0		0		0		INDiE #20R
38		3		3		5   	0		0		0		0		INDiE #20L
39		3		3		6   	0		0		0		0		INDiE #21R
40		3		3		7   	0		0		0		0		INDiE #21L
41		3		3		8   	0		0		0		0		INDiE #22R
42		3		3		9   	0		0		0		0		INDiE #22L
1  		4		5		0	0		0		0		0		Si #
2  		4		5		1	0		0		0		0		Si #
3  		4		5		2	0		0		0		0		Si #
4  		4		5		3	0		0		0		0		Si #
5  		4		5		4	0		0		0		0		Si #
6  		4		5		5	0		0		0		0		Si #
7  		4		5		6	0		0		0		0		Si #
8  		4		5		7	0		0		0		0		Si #
9  		4		5		8	0		0		0		0		Si #
10 		4		5		9	0		0		0		0		Si #
11 		4		5		10	0		0		0		0		Si #
12 		4		5		11	0		0		0		0		Si #
13 		4		5		12	0		0		0		0		Si #
14 		4		5		13	0		0		0		0		Si #
15 		4		5		14	0		0		0		0		Si #
16 		4		5		15	0		0		0		0		Si #
17 		4		6		0	0		0		0		0		Si #
18 		4		6		1	0		0		0		0		Si #
19 		4		6		2	0		0		0		0		Si #
20 		4		6		3	0		0		0		0		Si #
21 		4		6		4	0		0		0		0		Si #
22 		4		6		5	0		0		0		0		Si #
23 		4		6		6	0		0		0		0		Si #
24 		4		6		7	0		0		0		0		Si #
25 		4		6		8	0		0		0		0		Si #
26 		4		6		9	0		0		0		0		Si #
27 		4		6		10	0		0		0		0		Si #
28 		4		6		11	0		0		0		0		Si #
29 		4		6		12	0		0		0		0		Si #
30 		4		6		13	0		0		0		0		Si #
31 		4		6		14	0		0		0		0		Si #
32 		4		6		15	0		0		0		0		Si #
33 		4		7		0	0		0		0		0		Si #
34 		4		7		1	0		0		0		0		Si #
35 		4		7		2	0		0		0		0		Si #
36 		4		7		3	0		0		0		0		Si #
37 		4		7		4	0		0		0		0		Si #
38 		4		7		5	0		0		0		0		Si #
39 		4		7		6	0		0		0		0		Si #
40 		4		7		7	0		0		0		0		Si #
41 		4		7		8	0		0		0		0		Si #
42 		4		7		9	0		0		0		0		Si #
43 		4		7		10	0		0		0		0		Si #
44 		4		7		11	0		0		0		0		Si #
45 		4		7		12	0		0		0		0		Si #
46 		4		7		13	0		0		0		0		Si #
47 		4		7		14	0		0		0		0		Si #
48 		4		7		15	0		0		0		0		Si #
49 		4		8		0	0		0		0		0		Si #
50 		4		8		1	0		0		0		0		Si #
51 		4		8		2	0		0		0		0		Si #
52 		4		8		3	0		0		0		0		Si #
53 		4		8		4	0		0		0		0		Si #
54 		4		8		5	0		0		0		0		Si #
55 		4		8		6	0		0		0		0		Si #
56 		4		8		7	0		0		0		0		Si #
57 		4		8		8	0		0		0		0		Si #
58 		4		8		9	0		0		0		0		Si #
59 		4		8		10	0		0		0		0		Si #
60 		4		8		11	0		0		0		0		Si #
61 		4		8		12	0		0		0		0		Si #
62 		4		8		13	0		0		0		0		Si #
63 		4		8		14	0		0		0		0		Si #
64 		4		8		15	0		0		0		0		Si #
65 		4		9		0	0		0		0		0		Si #
66 		4		9		1	0		0		0		0		Si #
67 		4		9		2	0		0		0		0		Si #
68 		4		9		3	0		0		0		0		Si #
69 		4		9		4	0		0		0		0		Si #
70 		4		9		5	0		0		0		0		Si #
71 		4		9		6	0		0		0		0		Si #
72 		4		9		7	0		0		0		0		Si #
73 		4		9		8	0		0		0		0		Si #
74 		4		9		9	0		0		0		0		Si #
75 		4		9		10	0		0		0		0		Si #
76 		4		9		11	0		0		0		0		Si #
77 		4		9		12	0		0		0		0		Si #
78 		4		9		13	0		0		0		0		Si #
79 		4		9		14	0		0		0		0		Si #
80 		4		9		15	0		0		0		0		Si #
81 		4		10		0	0		0		0		0		Si #
82 		4		10		1	0		0		0		0		Si #
83 		4		10		2	0		0		0		0		Si #
84 		4		10		3	0		0		0		0		Si #
85 		4		10		4	0		0		0		0		Si #
86 		4		10		5	0		0		0		0		Si #
87 		4		10		6	0		0		0		0		Si #
88 		4		10		7	0		0		0		0		Si #
89 		4		10		8	0		0		0		0		Si #
90 		4		10		9	0		0		0		0		Si #
91 		4		10		10	0		0		0		0		Si #
92 		4		10		11	0		0		0		0		Si #
93 		4		10		12	0		0		0		0		Si #
94 		4		10		13	0		0		0		0		Si #
95 		4		10		14	0		0		0		0		Si #
96 		4		10		15	0		0		0		0		Si #
97 		4		11		0	0		0		0		0		Si #
98 		4		11		1	0		0		0		0		Si #
99 		4		11		2	0		0		0		0		Si #
100		4		11		3	0		0		0		0		Si #
101		4		11		4	0		0		0		0		Si #
102		4		11		5	0		0		0		0		Si #
103		4		11		6	0		0		0		0		Si #
104		4		11		7	0		0		0		0		Si #
105		4		11		8	0		0		0		0		Si #
106		4		11		9	0		0		0		0		Si #
107		4		11		10	0		0		0		0		Si #
108		4		11		11	0		0		0		0		Si #
109		4		11		12	0		0		0		0		Si #
110		4		11		13	0		0		0		0		Si #
111		4		11		14	0		0		0		0		Si #
112		4		11		15	0		0		0		0		Si #
113		4		12		0	0		0		0		0		Si #
114		4		12		1	0		0		0		0		Si #
115		4		12		2	0		0		0		0		Si #
116		4		12		3	0		0		0		0		Si #
117		4		12		4	0		0		0		0		Si #
118		4		12		5	0		0		0		0		Si #
119		4		12		6	0		0		0		0		Si #
120		4		12		7	0		0		0		0		Si #
121		4		12		8	0		0		0		0		Si #
122		4		12		9	0		0		0		0		Si #
123		4		12		10	0		0		0		0		Si #
124		4		12		11	0		0		0		0		Si #
125		4		12		12	0		0		0		0		Si #
126		4		12		13	0		0		0		0		Si #
127		4		12		14	0		0		0		0		Si #
128		4		12		15	0		0		0		0		Si #
1		5		3		10   	0		0		0		0		Proton


---

1		3		3		3   	145		0		0		0		LaBr #1 
2		3		3		5   	145		0		0		0		LaBr #2
1		4		1		8   	-1		0		0		0		TAC  #BetaPMT-La  
2		4		1		9   	-170		0		0		0		TAC  #BetaL-La
3		4		1		10   	0		0		0		0		TAC  #BetaR-La
4		4		1		11   	-9		0		0		0		TAC  #La1-La2
1		5		3		0   	0		0		0		0		Proton


-------
Correlations
1	1	1	2
1	1	1	3
1	1	1	4
1	1	1	5
1	1	1	6
1	1	1	7
1	1	1	8

--- Comments below ---

!!! Detector Index and Type numbering starts from 1 !!!
!!! Module and Channel numbering starts from 0      !!!
!!! Readme: https://github.com/rlica/xia4ids		!!!



